Initial matrix:
[  1][  3][  5][  6][  9][ 10][ 10][ 12]
[ 14][ 14][ 14][ 15][ 15][ 16][ 18][ 22]
[ 23][ 26][ 32][ 32][ 33][ 37][ 38][ 40]
[ 43][ 43][ 45][ 46][ 47][ 47][ 52][ 55]
[ 55][ 56][ 56][ 57][ 58][ 59][ 60][ 61]
[ 63][ 65][ 66][ 68][ 68][ 70][ 72][ 74]
[ 78][ 80][ 82][ 82][ 85][ 86][ 86][ 86]
[ 88][ 88][ 90][ 90][ 91][ 91][ 91][ 93]
[ 93][ 93][ 94][ 95][ 95][ 95][ 97][ 98]

Cores count: 5
Core 0 processing rows 0 to 2
Core 1 processing rows 2 to 4
Core 2 processing rows 4 to 6
Core 3 processing rows 6 to 8
Core 4 processing rows 8 to 9

Stage 1 - mul elements on 2:
[  2][  6][ 10][ 12][ 18][ 20][ 20][ 24]
[ 28][ 28][ 28][ 30][ 30][ 32][ 36][ 44]
[ 46][ 52][ 64][ 64][ 66][ 74][ 76][ 80]
[ 86][ 86][ 90][ 92][ 94][ 94][104][110]
[110][112][112][114][116][118][120][122]
[126][130][132][136][136][140][144][148]
[156][160][164][164][170][172][172][172]
[176][176][180][180][182][182][182][186]
[186][186][188][190][190][190][194][196]



Stage 2 - add 10 to each element:
[ 12][ 16][ 20][ 22][ 28][ 30][ 30][ 34]
[ 38][ 38][ 38][ 40][ 40][ 42][ 46][ 54]
[ 56][ 62][ 74][ 74][ 76][ 84][ 86][ 90]
[ 96][ 96][100][102][104][104][114][120]
[120][122][122][124][126][128][130][132]
[136][140][142][146][146][150][154][158]
[166][170][174][174][180][182][182][182]
[186][186][190][190][192][192][192][196]
[196][196][198][200][200][200][204][206]



Stage 3 - div elements on 3:
[  4][  5][  6][  7][  9][ 10][ 10][ 11]
[ 12][ 12][ 12][ 13][ 13][ 14][ 15][ 18]
[ 18][ 20][ 24][ 24][ 25][ 28][ 28][ 30]
[ 32][ 32][ 33][ 34][ 34][ 34][ 38][ 40]
[ 40][ 40][ 40][ 41][ 42][ 42][ 43][ 44]
[ 45][ 46][ 47][ 48][ 48][ 50][ 51][ 52]
[ 55][ 56][ 58][ 58][ 60][ 60][ 60][ 60]
[ 62][ 62][ 63][ 63][ 64][ 64][ 64][ 65]
[ 65][ 65][ 66][ 66][ 66][ 66][ 68][ 68]


